_____________1.1.1______________________
[1 2 3 4 5 6]

[1. 2. 3. 4. 5. 6.]

[['Jon' 'Mary' 'Paul']
 ['Peter' 'Ben' 'Saul']]

array dimensions
length: (2, 3)
nDimensions: 2
_____________1.1.2______________________
[ 0  5 10 15 20 25 30 35 40 45]
_____________1.1.3______________________
[[0. 0. 0.]
 [0. 0. 0.]]
_____________1.1.4______________________
[[1. 1. 1.]
 [1. 1. 1.]]
_____________1.1.5______________________
[[0 6 9 7]
 [1 1 6 6]]
_____________1.1.6______________________
[[0.33026884 0.40517732 0.57473782 0.50639977]
 [0.56421251 0.56968731 0.87411653 0.08643046]]
